234.24658 119.17808 
250.36094 128.50355 
251.99459 133.91289 
259.2777 148.3188 
268.26586 166.0973 
267.05648 180.26424 
270.48568 200.24906 
268.78552 217.1682 
257.47185 220.8241 
245.82815 216.68742 
241.68585 215.20034 
228.74373 205.00553 
225.2802 207.72105 
222.6937 211.19322 
232.45694 222.41527 
223.03861 223.7858 
216.37325 224.49366 
210.65395 217.80645 
206.60025 212.20423 
204.6422 192.94196 
214.46627 204.13973 
214.81943 203.98506 
220.22691 200.73426 
218.09832 174.14177 
216.31382 171.85554 
212.94262 167.84686 
202.27071 170.58473 
200.99626 165.50435 
201.25153 155.16814 
227.60729 152.86622 
232.00498 148.6924 
227.48113 141.36594 
220.89208 135.40109 
227.1482 124.40847 
228.69919 121.79361 
231.30809 119.23725 
234.24658 119.17808